edits	edit_fraction	reads	read_fraction	gbp	gbp_fraction
0	0	8078	100	42266984	100
10	.0526814800	8071	99.9133448800	42227388	99.9063193100
20	.1053629700	8070	99.9009655800	42226662	99.9046016600
30	.1580444600	8071	99.9133448800	42226711	99.9047175900
40	.2107259500	8070	99.9009655800	42226973	99.9053374600
50	.2634074300	8068	99.8762069800	42218348	99.8849314600
60	.3160889200	8069	99.8885862800	42220757	99.8906309400
70	.3687704100	8066	99.8514483700	42217893	99.8838549700
80	.4214519000	8066	99.8514483700	42212063	99.8700617000
90	.4741333800	8066	99.8514483700	42225360	99.9015212400
100	.5268148700	8066	99.8514483700	42224419	99.8992949200
110	.5794963600	8063	99.8143104700	42219039	99.8865663000
120	.6321778500	8062	99.8019311700	42210285	99.8658551000
130	.6848593400	8065	99.8390690700	42216959	99.8816452100
140	.7375408200	8064	99.8266897700	42217177	99.8821609700
150	.7902223100	8064	99.8266897700	42214139	99.8749733300
160	.8429038000	8061	99.7895518600	42209593	99.8642178900
170	.8955852900	8056	99.7276553600	42213922	99.8744599300
180	.9482667700	8065	99.8390690700	42226868	99.9050890400
190	1.0009482600	8060	99.7771725600	42203819	99.8505571100
200	1.0536297500	8060	99.7771725600	42211838	99.8695293700
210	1.1063112400	8060	99.7771725600	42207074	99.8582581600
220	1.1589927200	8054	99.7028967500	42207096	99.8583102100
230	1.2116742100	8057	99.7400346600	42207549	99.8593819700
240	1.2643557000	8054	99.7028967500	42209299	99.8635223100
250	1.3170371900	8047	99.6162416400	42196113	99.8323253900
260	1.3697186800	8061	99.7895518600	42223336	99.8967326300
270	1.4224001600	8055	99.7152760500	42204727	99.8527053600
280	1.4750816500	8046	99.6038623400	42212705	99.8715806100
290	1.5277631400	8058	99.7524139600	42227490	99.9065606300
300	1.5804446300	8056	99.7276553600	42193823	99.8269074500
310	1.6331261100	8045	99.5914830400	42188880	99.8152127400
320	1.6858076000	8051	99.6657588500	42211445	99.8685995600
330	1.7384890900	8046	99.6038623400	42184731	99.8053965700
340	1.7911705800	8045	99.5914830400	42195003	99.8296992200
350	1.8438520700	8044	99.5791037300	42196198	99.8325264900
360	1.8965335500	8047	99.6162416400	42206614	99.8571698400
370	1.9492150400	8045	99.5914830400	42198174	99.8372015300
380	2.0018965300	8050	99.6533795400	42208542	99.8617313200
390	2.0545780200	8043	99.5667244300	42175734	99.7841104500
400	2.1072595000	8047	99.6162416400	42198141	99.8371234600
410	2.1599409900	8038	99.5048279200	42183906	99.8034446900
420	2.2126224800	8027	99.3686556000	42162028	99.7516832500
430	2.2653039700	8030	99.4057935100	42166771	99.7629047700
440	2.3179854500	8033	99.4429314100	42179292	99.7925283700
450	2.3706669400	8036	99.4800693200	42150944	99.7254594700
460	2.4233484300	8034	99.4553107200	42160896	99.7490050300
470	2.4760299200	8027	99.3686556000	42177075	99.7872831400
480	2.5287114100	8026	99.3562763000	42158501	99.7433386700
490	2.5813928900	8013	99.1953453800	42145549	99.7126953700
500	2.6340743800	8029	99.3934142100	42180819	99.7961411200
510	2.6867558700	8014	99.2077246800	42125751	99.6658550300
520	2.7394373600	8028	99.3810349000	42166142	99.7614166100
530	2.7921188400	8025	99.3438970000	42145137	99.7117206100
540	2.8448003300	8021	99.2943797900	42147986	99.7184611000
550	2.8974818200	8023	99.3191384000	42159030	99.7445902400
560	2.9501633100	8003	99.0715523600	42123290	99.6600325200
570	3.0028448000	8021	99.2943797900	42158767	99.7439680100
580	3.0555262800	8013	99.1953453800	42155534	99.7363190100
590	3.1082077700	8016	99.2324832800	42132558	99.6819598000
600	3.1608892600	8003	99.0715523600	42121882	99.6567013100
610	3.2135707500	8007	99.1210695700	42130456	99.6769866500
620	3.2662522300	8020	99.2820004900	42151763	99.7273971500
630	3.3189337200	8005	99.0963109600	42112178	99.6337424900
640	3.3716152100	8001	99.0467937600	42115460	99.6415074200
650	3.4242967000	8006	99.1086902600	42139991	99.6995456300
660	3.4769781800	8005	99.0963109600	42128984	99.6735040200
670	3.5296596700	7998	99.0096558500	42116962	99.6450610200
680	3.5823411600	7990	98.9106214400	42101125	99.6075920600
690	3.6350226500	7997	98.9972765500	42092884	99.5880945700
700	3.6877041400	8000	99.0344144500	42101099	99.6075305400
710	3.7403856200	7987	98.8734835300	42070841	99.5359427500
720	3.7930671100	7994	98.9601386400	42127587	99.6701988400
730	3.8457486000	7991	98.9230007400	42084049	99.5671917300
740	3.8984300900	7998	99.0096558500	42133888	99.6851064600
750	3.9511115700	7973	98.7001733100	42043005	99.4700852000
760	4.0037930600	7981	98.7992077200	42084572	99.5684291000
770	4.0564745500	7979	98.7744491200	42061084	99.5128585400
780	4.1091560400	7984	98.8363456300	42062606	99.5164594600
790	4.1618375300	7989	98.8982421300	42099323	99.6033286800
800	4.2145190100	7988	98.8858628300	42083872	99.5667729600
810	4.2672005000	7984	98.8363456300	42073842	99.5430428600
820	4.3198819900	7970	98.6630354000	42060306	99.5110178600
830	4.3725634800	7964	98.5887595900	42062346	99.5158443200
840	4.4252449600	7962	98.5640009900	42065458	99.5232070400
850	4.4779264500	7972	98.6877940000	42059839	99.5099129800
860	4.5306079400	7941	98.3040356500	42000275	99.3689897500
870	4.5832894300	7951	98.4278286700	42049164	99.4846568600
880	4.6359709100	7935	98.2297598400	41988429	99.3409631400
890	4.6886524000	7947	98.3783114600	42027378	99.4331130800
900	4.7413338900	7953	98.4525872700	42003973	99.3777388900
910	4.7940153800	7944	98.3411735500	42008879	99.3893460600
920	4.8466968700	7921	98.0564496100	41944657	99.2374024100
930	4.8993783500	7923	98.0812082100	41982556	99.3270681400
940	4.9520598400	7938	98.2668977400	41984356	99.3313267800
950	5.0047413300	7927	98.1307254200	42000506	99.3695362700
960	5.0574228200	7916	97.9945531000	41967263	99.2908862300
970	5.1101043000	7944	98.3411735500	42052561	99.4926938700
980	5.1627857900	7955	98.4773458700	42024764	99.4269285900
990	5.2154672800	7928	98.1431047200	41969815	99.2969240400
1000	5.2681487700	7914	97.9697945000	41981015	99.3234222700
1010	5.3208302600	7936	98.2421391400	42022975	99.4226959700
1020	5.3735117400	7930	98.1678633300	41978937	99.3185059000
1030	5.4261932300	7912	97.9450358900	41966812	99.2898192100
1040	5.4788747200	7900	97.7964842700	41865074	99.0491159700
1050	5.5315562100	7925	98.1059668200	41988830	99.3419118800
1060	5.5842376900	7881	97.5612775400	41864819	99.0485126600
1070	5.6369191800	7909	97.9078979900	41925722	99.1926038500
1080	5.6896006700	7899	97.7841049700	41953828	99.2591001900
1090	5.7422821600	7870	97.4251052200	41844849	99.0012653800
1100	5.7949636400	7910	97.9202772900	41953309	99.2578722900
1110	5.8476451300	7882	97.5736568400	41888058	99.1034941100
1120	5.9003266200	7899	97.7841049700	41919337	99.1774975000
1130	5.9530081100	7866	97.3755880100	41857267	99.0306452900
1140	6.0056896000	7867	97.3879673100	41837441	98.9837387000
1150	6.0583710800	7890	97.6726912600	41919844	99.1786970100
1160	6.1110525700	7905	97.8583807800	41900519	99.1329757500
1170	6.1637340600	7855	97.2394156900	41800411	98.8961289500
1180	6.2164155500	7882	97.5736568400	41811045	98.9212880600
1190	6.2690970300	7868	97.4003466200	41812226	98.9240822100
1200	6.3217785200	7838	97.0289675600	41816146	98.9333565800
1210	6.3744600100	7883	97.5860361400	41859695	99.0363897200
1220	6.4271415000	7876	97.4993810300	41829066	98.9639241800
1230	6.4798229900	7871	97.4374845200	41823607	98.9510086600
1240	6.5325044700	7818	96.7813815300	41751106	98.7794776100
1250	6.5851859600	7845	97.1156226700	41812288	98.9242288900
1260	6.6378674500	7829	96.9175538400	41724487	98.7164993800
1270	6.6905489400	7852	97.2022777900	41782365	98.8534336800
1280	6.7432304200	7831	96.9423124500	41763729	98.8093425300
1290	6.7959119100	7839	97.0413468600	41774067	98.8338013400
1300	6.8485934000	7815	96.7442436200	41753582	98.7853356100
1310	6.9012748900	7815	96.7442436200	41737294	98.7467996200
1320	6.9539563700	7801	96.5709333900	41750903	98.7789973300
1330	7.0066378600	7814	96.7318643200	41707518	98.6763522000
1340	7.0593193500	7811	96.6947264100	41697238	98.6520306200
1350	7.1120008400	7781	96.3233473600	41630292	98.4936422200
1360	7.1646823300	7786	96.3852438700	41672824	98.5942692200
1370	7.2173638100	7774	96.2366922500	41556781	98.3197216000
1380	7.2700453000	7784	96.3604852600	41630443	98.4939994700
1390	7.3227267900	7794	96.4842782800	41676580	98.6031555900
1400	7.3754082800	7785	96.3728645700	41610834	98.4476062900
1410	7.4280897600	7696	95.2711067000	41424387	98.0064889400
1420	7.4807712500	7819	96.7937608300	41695896	98.6488555700
1430	7.5334527400	7789	96.4223817700	41589748	98.3977186500
1440	7.5861342300	7771	96.1995543400	41597110	98.4151365000
1450	7.6388157200	7761	96.0757613200	41545555	98.2931618600
1460	7.6914972000	7759	96.0510027200	41583505	98.3829482600
1470	7.7441786900	7751	95.9519683000	41529208	98.2544862900
1480	7.7968601800	7700	95.3206239100	41485628	98.1513798000
1490	7.8495416700	7737	95.7786580800	41563014	98.3344683400
1500	7.9022231500	7740	95.8157959800	41594602	98.4092027900
1510	7.9549046400	7721	95.5805892500	41514061	98.2186498000
1520	8.0075861300	7711	95.4567962300	41484617	98.1489878700
1530	8.0602676200	7744	95.8653131900	41563257	98.3350432500
1540	8.1129491000	7720	95.5682099500	41527481	98.2504003500
1550	8.1656305900	7734	95.7415201700	41527309	98.2499934200
1560	8.2183120800	7670	94.9492448600	41448538	98.0636281000
1570	8.2709935700	7673	94.9863827600	41364295	97.8643165000
1580	8.3236750600	7727	95.6548650600	41534768	98.2676407600
1590	8.3763565400	7686	95.1473136900	41406676	97.9645862500
1600	8.4290380300	7721	95.5805892500	41494018	98.1712298100
1610	8.4817195200	7666	94.8997276500	41387531	97.9192908500
1620	8.5344010100	7652	94.7264174300	41348158	97.8261377700
1630	8.5870824900	7644	94.6273830100	41369039	97.8755403900
1640	8.6397639800	7675	95.0111413700	41419913	97.9959038400
1650	8.6924454700	7602	94.1074523300	41331155	97.7859101500
1660	8.7451269600	7651	94.7140381200	41392640	97.9313783000
1670	8.7978084500	7605	94.1445902400	41262763	97.6241006400
1680	8.8504899300	7630	94.4540727900	41334976	97.7949503000
1690	8.9031714200	7608	94.1817281500	41205471	97.4885527600
1700	8.9558529100	7555	93.5256251500	41168803	97.4017994700
1710	9.0085344000	7599	94.0703144300	41173666	97.4133049000
1720	9.0612158800	7482	92.6219361200	41025435	97.0626032800
1730	9.1138973700	7537	93.3027977200	41075722	97.1815779400
1740	9.1665788600	7642	94.6026244100	41362256	97.8594924100
1750	9.2192603500	7605	94.1445902400	41188453	97.4482896600
1760	9.2719418300	7598	94.0579351300	41266683	97.6333750200
1770	9.3246233200	7565	93.6494181700	41135966	97.3241099900
1780	9.3773048100	7602	94.1074523300	41189012	97.4496122000
1790	9.4299863000	7596	94.0331765200	41225220	97.5352771700
1800	9.4826677900	7628	94.4293141800	41213508	97.5075676000
1810	9.5353492700	7451	92.2381777600	40838691	96.6207832500
1820	9.5880307600	7462	92.3743500800	40915656	96.8028757300
1830	9.6407122500	7524	93.1418667900	41000871	97.0044870000
1840	9.6933937400	7415	91.7925229000	40803950	96.5385890700
1850	9.7460752200	7486	92.6714533300	40888285	96.7381183300
1860	9.7987567100	7545	93.4018321300	41189106	97.4498346000
1870	9.8514382000	7485	92.6590740200	40996641	96.9944791800
1880	9.9041196900	7476	92.5476603100	40801241	96.5321798200
1890	9.9568011800	7461	92.3619707800	40860387	96.6721141000
1900	10.0094826600	7405	91.6687298800	40774373	96.4686124700
1910	10.0621641500	7468	92.4486258900	40966945	96.9242210400
1920	10.1148456400	7446	92.1762812500	40862469	96.6770399300
1930	10.1675271300	7432	92.0029710300	40807395	96.5467396400
1940	10.2202086100	7452	92.2505570600	40825285	96.5890658200
1950	10.2728901000	7434	92.0277296300	40783880	96.4911052000
1960	10.3255715900	7509	92.9561772700	40986438	96.9703397800
1970	10.3782530800	7414	91.7801435900	40672983	96.2287325700
1980	10.4309345600	7289	90.2327308700	40468094	95.7439830500
1990	10.4836160500	7343	90.9012131700	40699342	96.2910956600
2000	10.5362975400	7387	91.4459024500	40736358	96.3786722900
2010	10.5889790300	7464	92.3991086900	40871695	96.6988678400
2020	10.6416605200	7391	91.4954196500	40789923	96.5054024200
2030	10.6943420000	7410	91.7306263900	40778460	96.4782819600
2040	10.7470234900	7404	91.6563505800	40624720	96.1145465200
2050	10.7997049800	7384	91.4087645400	40681350	96.2485281600
2060	10.8523864700	7334	90.7897994500	40553693	95.9465028300
2070	10.9050679500	7329	90.7279029400	40581616	96.0125662100
2080	10.9577494400	7356	91.0621440900	40525433	95.8796421300
2090	11.0104309300	7240	89.6261450800	40383784	95.5445129400
2100	11.0631124200	7316	90.5669720200	40463844	95.7339279200
2110	11.1157939100	7278	90.0965585500	40392618	95.5654134200
2120	11.1684753900	7270	89.9975241300	40325572	95.4067884200
2130	11.2211568800	7068	87.4969051700	39831052	94.2367972100
2140	11.2738383700	7277	90.0841792500	40330727	95.4189847000
2150	11.3265198600	7307	90.4555583000	40451057	95.7036750000
2160	11.3792013400	7269	89.9851448300	40364860	95.4997404100
2170	11.4318828300	7077	87.6083188900	39795905	94.1536424700
2180	11.4845643200	7223	89.4156969500	40250281	95.2286564800
2190	11.5372458100	7260	89.8737311200	40483087	95.7794551800
2200	11.5899272900	7242	89.6509036800	40247094	95.2211163200
2210	11.6426087800	7300	90.3689031900	40488551	95.7923825300
2220	11.6952902700	7071	87.5340430700	39920713	94.4489273200
2230	11.7479717600	7235	89.5642485700	40296939	95.3390452400
2240	11.8006532500	7223	89.4156969500	40166277	95.0299103400
2250	11.8533347300	7272	90.0222827400	40308762	95.3670174300
2260	11.9060162200	7250	89.7499381000	40199311	95.1080659000
2270	11.9586977100	7153	88.5491458200	39984916	94.6008260200
2280	12.0113792000	7147	88.4748700100	40015780	94.6738475500
2290	12.0640606800	7232	89.5271106700	40237570	95.1985833600
2300	12.1167421700	6961	86.1723198800	39565159	93.6077175500
2310	12.1694236600	7202	89.1557316100	40049141	94.7527767700
2320	12.2221051500	7101	87.9054221300	39846061	94.2723071900
2330	12.2747866300	6945	85.9742510500	39454675	93.3463220300
2340	12.3274681200	7093	87.8063877100	39867491	94.3230087100
2350	12.3801496100	7082	87.6702153900	39852395	94.2872928900
2360	12.4328311000	7194	89.0566972000	40051534	94.7584384000
2370	12.4855125900	7062	87.4226293600	39793817	94.1487024400
2380	12.5381940700	7009	86.7665263600	39683538	93.8877919400
2390	12.5908755600	7111	88.0292151500	40023635	94.6924318000
2400	12.6435570500	7179	88.8710076700	40108975	94.8943388000
2410	12.6962385400	6894	85.3429066600	39409156	93.2386280500
2420	12.7489200200	7037	87.1131468100	39735629	94.0110347100
2430	12.8016015100	7114	88.0663530500	39995147	94.6250316700
2440	12.8542830000	6886	85.2438722400	39226095	92.8055216800
2450	12.9069644900	6822	84.4515969200	39171159	92.6755478900
2460	12.9596459800	6981	86.4199059100	39544416	93.5586414200
2470	13.0123274600	6982	86.4322852100	39565930	93.6095416600
2480	13.0650089500	6923	85.7019064100	39342097	93.0799723000
2490	13.1176904400	6995	86.5932161400	39643460	93.7929708900
2500	13.1703719300	6924	85.7142857100	39399788	93.2164641700
2510	13.2230534100	6908	85.5162168800	39421193	93.2671065400
2520	13.2757349000	6971	86.2961128900	39546016	93.5624268800
2530	13.3284163900	6848	84.7734587700	39194106	92.7298384900
2540	13.3810978800	6853	84.8353552800	39210662	92.7690085400
2550	13.4337793600	6933	85.8256994300	39365614	93.1356114700
2560	13.4864608500	6841	84.6868036600	39245869	92.8523052400
2570	13.5391423400	6811	84.3154246100	39045327	92.3778403400
2580	13.5918238300	6475	80.1559792000	38110413	90.1659153100
2590	13.6445053200	6744	83.4860113800	38693466	91.5453678900
2600	13.6971868000	6818	84.4020797200	38935690	92.1184487600
2610	13.7498682900	6755	83.6221837000	38983309	92.2311111600
2620	13.8025497800	6732	83.3374597600	38751794	91.6833668500
2630	13.8552312700	6592	81.6043575100	38448622	90.9660883300
2640	13.9079127500	6524	80.7625649900	38460517	90.9942308600
2650	13.9605942400	6582	81.4805644900	38439210	90.9438203500
2660	14.0132757300	6604	81.7529091300	38380759	90.8055303800
2670	14.0659572200	6549	81.0720475300	38244052	90.4820935400
2680	14.1186387100	6675	82.6318395600	38586114	91.2913824100
2690	14.1713201900	6709	83.0527358200	38866853	91.9555864200
2700	14.2240016800	6609	81.8148056400	38420546	90.8996629600
2710	14.2766831700	6761	83.6964595100	38991154	92.2496717500
2720	14.3293646600	6738	83.4117355700	38787603	91.7680878200
2730	14.3820461400	6353	78.6457043800	37591281	88.9376942500
2740	14.4347276300	6242	77.2716018800	37227440	88.0768781600
2750	14.4874091200	6616	81.9014607500	38539869	91.1819707700
2760	14.5400906100	6485	80.2797722200	38199333	90.3762922800
2770	14.5927720900	6390	79.1037385400	37683798	89.1565814100
2780	14.6454535800	6471	80.1064619900	37974754	89.8449579400
2790	14.6981350700	6092	75.4147066100	37222546	88.0652993800
2800	14.7508165600	6386	79.0542213400	37796704	89.4237071600
2810	14.8034980500	6303	78.0267392900	37435779	88.5697900700
2820	14.8561795300	6511	80.6016340600	38101158	90.1440187900
2830	14.9088610200	6202	76.7764298000	37218854	88.0565644300
2840	14.9615425100	6178	76.4793265600	37393252	88.4691749000
2850	15.0142240000	6611	81.8395642400	38304736	90.6256665900
2860	15.0669054800	6450	79.8464966500	37890344	89.6452512400
2870	15.1195869700	6349	78.5961871700	37727737	89.2605372500
2880	15.1722684600	6236	77.1973260700	37497730	88.7163607400
2890	15.2249499500	6254	77.4201535000	37247937	88.1253722700
2900	15.2776314400	6296	77.9400841700	37395995	88.4756645900
2910	15.3303129200	6331	78.3733597400	37609707	88.9812885600
2920	15.3829944100	6076	75.2166377800	36861451	87.2109800800
2930	15.4356759000	6384	79.0294627300	37608198	88.9777184000
2940	15.4883573900	6102	75.5384996200	36827822	87.1314168000
2950	15.5410388700	6048	74.8700173300	36702435	86.8347620900
2960	15.5937203600	6343	78.5219113600	37642936	89.0599054800
2970	15.6464018500	6110	75.6375340400	36970731	87.4695270400
2980	15.6990833400	6369	78.8437732100	37344856	88.3546741800
2990	15.7517648200	6219	76.9868779400	36998851	87.5360565100
3000	15.8044463100	6225	77.0611537500	37132464	87.8521732200
3010	15.8571278000	6351	78.6209457700	37768456	89.3568748600
3020	15.9098092900	5671	70.2030205400	35351680	83.6389934900
3030	15.9624907800	5997	74.2386729300	36674730	86.7692144700
3040	16.0151722600	6075	75.2042584700	36782910	87.0251589200
3050	16.0678537500	5931	73.4216390100	36130642	85.4819496900
3060	16.1205352400	6143	76.0460510000	36997248	87.5322639500
3070	16.1732167300	6126	75.8356028700	36663071	86.7416302900
3080	16.2258982100	6149	76.1203268100	37104531	87.7860861800
3090	16.2785797000	5877	72.7531567200	35985627	85.1388568400
3100	16.3312611900	5757	71.2676405000	35728638	84.5308432700
3110	16.3839426800	5632	69.7202277700	35252372	83.4040394200
3120	16.4366241700	5940	73.5330527300	36282731	85.8417790100
3130	16.4893056500	5927	73.3721218100	36189372	85.6208997500
3140	16.5419871400	5723	70.8467442400	35912227	84.9651988400
3150	16.5946686300	6087	75.3528101000	36285758	85.8489406200
3160	16.6473501200	5651	69.9554345100	35055762	82.9388773000
3170	16.7000316000	5510	68.2099529500	34716895	82.1371475100
3180	16.7527130900	5923	73.3226046000	36034922	85.2554845100
3190	16.8053945800	5871	72.6788809100	35801497	84.7032213100
3200	16.8580760700	5792	71.7009160600	35752508	84.5873176000
3210	16.9107575500	5289	65.4741272500	34253526	81.0408568500
3220	16.9634390400	5487	67.9252290100	34849895	82.4518139200
3230	17.0161205300	5583	69.1136419900	35017668	82.8487502200
3240	17.0688020200	5527	68.4204010800	34675960	82.0402988700
3250	17.1214835100	5809	71.9113641900	35712444	84.4925296700
3260	17.1741649900	5417	67.0586778900	34573664	81.7982754500
3270	17.2268464800	5467	67.6776429800	34408439	81.4073675000
3280	17.2795279700	5666	70.1411240400	35268604	83.4424429200
3290	17.3322094600	5230	64.7437484500	34014846	80.4761607700
3300	17.3848909400	5701	70.5743996000	35192604	83.2626335400
3310	17.4375724300	5652	69.9678138100	35101552	83.0472124500
3320	17.4902539200	5147	63.7162664000	33418464	79.0651729400
3330	17.5429354100	5561	68.8412973500	34933386	82.6493463500
3340	17.5956169000	5385	66.6625402300	33887815	80.1756165000
3350	17.6482983800	5724	70.8591235400	35705867	84.4769690600
3360	17.7009798700	5507	68.1728150500	34402834	81.3941065600
3370	17.7536613600	5414	67.0215399800	34693690	82.0822465100
3380	17.8063428500	5222	64.6447140300	33697670	79.7257500000
3390	17.8590243300	5299	65.5979202700	33953600	80.3312580800
3400	17.9117058200	5534	68.5070562000	34797252	82.3272651700
3410	17.9643873100	5449	67.4548155400	34385973	81.3542149100
3420	18.0170688000	5514	68.2594701600	34673874	82.0353635800
3430	18.0697502800	5139	63.6172319800	33258559	78.6868516500
3440	18.1224317700	4736	58.6283733500	31843911	75.3399177900
3450	18.1751132600	5201	64.3847487000	33496440	79.2496573600
3460	18.2277947500	5478	67.8138153000	34469388	81.5515675300
3470	18.2804762400	4501	55.7192374300	31033886	73.4234692400
3480	18.3331577200	5247	64.9541965800	33616538	79.5337987600
3490	18.3858392100	5389	66.7120574300	33899519	80.2033071400
3500	18.4385207000	5295	65.5484030700	33867438	80.1274062900
3510	18.4912021900	4957	61.3641990500	32571515	77.0613654300
3520	18.5438836700	4731	58.5664768500	31914246	75.5063242700
3530	18.5965651600	5486	67.9128497100	34146989	80.7887995900
3540	18.6492466500	5235	64.8056449600	33937365	80.2928474800
3550	18.7019281400	4860	60.1634067800	32079255	75.8967211800
3560	18.7546096300	5425	67.1577123000	34169501	80.8420610200
3570	18.8072911100	5402	66.8729883600	33929758	80.2748499800
3580	18.8599726000	4514	55.8801683500	31165685	73.7352941900
3590	18.9126540900	4746	58.7521663700	31748390	75.1139234300
3600	18.9653355800	4791	59.3092349500	31609235	74.7846948300
3610	19.0180170600	5213	64.5333003200	33988011	80.4126715000
3620	19.0706985500	4979	61.6365436900	32667812	77.2891957400
3630	19.1233800400	5013	62.0574399600	32591076	77.1076450500
3640	19.1760615300	4900	60.6585788500	32101169	75.9485677900
3650	19.2287430100	4901	60.6709581500	32095458	75.9350560700
3660	19.2814245000	4965	61.4632334700	32369558	76.5835527700
3670	19.3341059900	4777	59.1359247300	31756048	75.1320415900
3680	19.3867874800	5086	62.9611289900	32690769	77.3435100000
3690	19.4394689700	4662	57.7123050200	30888209	73.0788101600
3700	19.4921504500	4795	59.3587521600	31659793	74.9043106500
3710	19.5448319400	4339	53.7137905400	30240273	71.5458500600
3720	19.5975134300	4699	58.1703391900	31464441	74.4421248500
3730	19.6501949200	5094	63.0601634000	32813037	77.6327854300
3740	19.7028764000	4577	56.6600643700	30740938	72.7303798100
3750	19.7555578900	4365	54.0356523800	30111005	71.2400132400
3760	19.8082393800	4326	53.5528596100	29858404	70.6423812900
3770	19.8609208700	4416	54.6669967800	30790676	72.8480555800
3780	19.9136023600	4132	51.1512750600	29476259	69.7382595300
3790	19.9662838400	4836	59.8663035400	32559676	77.0333553900
3800	20.0189653300	4079	50.4951720700	29123927	68.9046727300
3810	20.0716468200	4786	59.2473384500	31790844	75.2143658900
3820	20.1243283100	4688	58.0341668700	31384981	74.2541294100
3830	20.1770097900	4703	58.2198564000	31426527	74.3524236300
3840	20.2296912800	4614	57.1180985300	30895357	73.0957217100
3850	20.2823727700	4321	53.4909631000	30301982	71.6918481800
3860	20.3350542600	4170	51.6216885300	29254547	69.2137082600
3870	20.3877357400	4375	54.1594454000	30007964	70.9962272200
3880	20.4404172300	4707	58.2693736000	31386843	74.2585347400
3890	20.4930987200	3788	46.8927952400	27665793	65.4548547800
3900	20.5457802100	4153	51.4112404000	29109633	68.8708543700
3910	20.5984617000	4120	51.0027234400	29103535	68.8564270400
3920	20.6511431800	4416	54.6669967800	30653197	72.5227922500
3930	20.7038246700	4191	51.8816538700	29514924	69.8297375500
3940	20.7565061600	4196	51.9435503800	28797644	68.1327155900
3950	20.8091876500	4271	52.8719980100	29089715	68.8237301200
3960	20.8618691300	3913	48.4402079700	28149612	66.5995283600
3970	20.9145506200	3912	48.4278286700	27889008	65.9829620200
3980	20.9672321100	4592	56.8457538900	30803755	72.8789993600
3990	21.0199136000	3481	43.0923495900	25988406	61.4863033500
4000	21.0725950900	4378	54.1965833100	30102466	71.2198107100
4010	21.1252765700	4194	51.9187917800	29485816	69.7608705600
4020	21.1779580600	3684	45.6053478500	27230742	64.4255620400
4030	21.2306395500	4123	51.0398613500	28853590	68.2650789500
4040	21.2833210400	3594	44.4912106900	26385126	62.4249082900
4050	21.3360025200	4197	51.9559296800	29017048	68.6518063300
4060	21.3886840100	3881	48.0440703100	28170732	66.6494964400
4070	21.4413655000	3844	47.5860361400	27621893	65.3509912100
4080	21.4940469900	3287	40.6907650400	25201834	59.6253425600
4090	21.5467284700	4139	51.2379301800	28851891	68.2610592700
4100	21.5994099600	4172	51.6464471400	28642636	67.7659801700
4110	21.6520914500	3693	45.7167615700	27033982	63.9600450300
4120	21.7047729400	3391	41.9782124200	25546003	60.4396164100
4130	21.7574544300	3337	41.3097301300	24716040	58.4759963000
4140	21.8101359100	4173	51.6588264400	29277332	69.2676155900
4150	21.8628174000	3670	45.4320376300	26473348	62.6336338500
4160	21.9154988900	3302	40.8764545600	25248940	59.7367912500
4170	21.9681803800	3322	41.1240406000	25195189	59.6096210600
4180	22.0208618600	3296	40.8021787500	24557133	58.1000361800
4190	22.0735433500	3668	45.4072790200	26368828	62.3863486400
4200	22.1262248400	3164	39.1681109100	23955487	56.6765941900
4210	22.1789063300	3377	41.8049022000	25828688	61.1084244800
4220	22.2315878200	3610	44.6892795200	26749440	63.2868434600
4230	22.2842693000	3435	42.5229017000	25259103	59.7608360200
4240	22.3369507900	3009	37.2493191300	23709446	56.0944826300
4250	22.3896322800	3718	46.0262441100	26427621	62.5254477500
4260	22.4423137700	3285	40.6660064300	24436422	57.8144444800
4270	22.4949952500	3510	43.4513493400	25442609	60.1949952200
4280	22.5476767400	2644	32.7308739700	21871348	51.7457029800
4290	22.6003582300	3490	43.2037633000	26334778	62.3057893100
4300	22.6530397200	3779	46.7813815300	27050106	63.9981930100
4310	22.7057212000	3626	44.8873483500	26113418	61.7820708400
4320	22.7584026900	3278	40.5793513200	24738992	58.5302987300
4330	22.8110841800	3953	48.9353800400	27455544	64.9574239700
4340	22.8637656700	3629	44.9244862500	25830319	61.1122832800
4350	22.9164471600	2917	36.1104233700	23462755	55.5108332300
4360	22.9691286400	3398	42.0648675400	25102764	59.3909515700
4370	23.0218101300	3204	39.6632829900	24764821	58.5914078900
4380	23.0744916200	3264	40.4060410900	24899377	58.9097556600
4390	23.1271731100	2706	33.4983906900	22011015	52.0761429200
4400	23.1798545900	2654	32.8546669900	22059478	52.1908021600
4410	23.2325360800	2772	34.3154246100	22765105	53.8602541400
4420	23.2852175700	3104	38.4253528100	24164779	57.1717608200
4430	23.3378990600	3165	39.1804902200	24169899	57.1838742900
4440	23.3905805400	2979	36.8779400800	22754443	53.8350287700
4450	23.4432620300	3378	41.8172815000	24605817	58.2152182800
4460	23.4959435200	3204	39.6632829900	23995272	56.7707220300
4470	23.5486250100	2548	31.5424610000	21102828	49.9274516400
4480	23.6013065000	2522	31.2205991500	20785834	49.1774714700
4490	23.6539879800	3380	41.8420401000	25384677	60.0579331600
4500	23.7066694700	2891	35.7885615200	22600158	53.4700039100
4510	23.7593509600	3173	39.2795246300	23938365	56.6360850300
4520	23.8120324500	2890	35.7761822200	22785366	53.9081899000
4530	23.8647139300	2480	30.7006684800	19687415	46.5787078600
4540	23.9173954200	3575	44.2560039600	26143926	61.8542501100
4550	23.9700769100	2881	35.6647685000	23123207	54.7074922500
4560	24.0227584000	2477	30.6635305700	20678613	48.9237959300
4570	24.0754398900	2539	31.4310472800	20788409	49.1835637000
4580	24.1281213700	2107	26.0831889000	18000981	42.5887520100
4590	24.1808028600	2356	29.1656350500	20065259	47.4726538300
4600	24.2334843500	2964	36.6922505500	23174635	54.8291664200
4610	24.2861658400	2626	32.5080465400	21277278	50.3401851400
4620	24.3388473200	2538	31.4186679800	20738650	49.0658382400
4630	24.3915288100	2600	32.1861846900	20921212	49.4977640200
4640	24.4442103000	2121	26.2564991300	18440054	43.6275604600
4650	24.4968917900	2271	28.1133944000	19402594	45.9048462000
4660	24.5495732700	2661	32.9413221000	21310984	50.4199306000
4670	24.6022547600	2622	32.4585293300	20775801	49.1537342700
4680	24.6549362500	1907	23.6073285400	17583572	41.6011987000
4690	24.7076177400	2610	32.3099777100	21223989	50.2141080100
4700	24.7602992300	2355	29.1532557500	19784622	46.8086911500
4710	24.8129807100	2031	25.1423619700	18029649	42.6565780000
4720	24.8656622000	2559	31.6786333200	21969077	51.9769212700
4730	24.9183436900	2134	26.4174300500	18616368	44.0447040100
4740	24.9710251800	2304	28.5219113600	19712690	46.6385063100
4750	25.0237066600	1865	23.0873978700	16818644	39.7914457200
4760	25.0763881500	2081	25.7613270600	17953996	42.4775896000
4770	25.1290696400	2084	25.7984649600	17521548	41.4544553200
4780	25.1817511300	1975	24.4491210600	17247961	40.8071723300
4790	25.2344326200	2406	29.7846001400	20337280	48.1162318000
4800	25.2871141000	2114	26.1698440200	18604026	44.0155039200
4810	25.3397955900	1875	23.2111908800	16019452	37.9006271100
4820	25.3924770800	1993	24.6719485000	17164573	40.6098835900
4830	25.4451585700	2418	29.9331517700	19659443	46.5125285400
4840	25.4978400500	1922	23.7930180700	17106760	40.4731030700
4850	25.5505215400	2290	28.3486011300	19005537	44.9654439500
4860	25.6032030300	1924	23.8177766700	17404049	41.1764629300
4870	25.6558845200	1212	15.0037137900	12823744	30.3398605300
4880	25.7085660000	2009	24.8700173300	17562979	41.5524774600
4890	25.7612474900	1884	23.3226046000	16294571	38.5515346900
4900	25.8139289800	1237	15.3131963300	12509668	29.5967840900
4910	25.8666104700	1657	20.5125030900	15490620	36.6494567000
4920	25.9192919600	1777	21.9980193100	16276089	38.5078078900
4930	25.9719734400	1555	19.2498143100	14890206	35.2289295100
4940	26.0246549300	1957	24.2262936300	17655134	41.7705081500
4950	26.0773364200	2203	27.2716018800	19111501	45.2161455300
4960	26.1300179100	1885	23.3349839000	16501258	39.0405381100
4970	26.1826993900	1328	16.4397128000	13121964	31.0454230600
4980	26.2353808800	2610	32.3099777100	20914410	49.4816710800
4990	26.2880623700	1293	16.0064372300	12871204	30.4521467600
5000	26.3407438600	1725	21.3542956100	16007449	37.8722290600
5010	26.3934253500	1509	18.6803664200	14348499	33.9472979600
5020	26.4461068300	1088	13.4686803600	11320412	26.7831080600
5030	26.4987883200	1697	21.0076751600	15588868	36.8819029000
5040	26.5514698100	1701	21.0571923700	15782464	37.3399341600
5050	26.6041513000	1045	12.9363703800	10603178	25.0861949300
5060	26.6568327800	1403	17.3681604300	13533375	32.0187856300
5070	26.7095142700	1856	22.9759841500	16092052	38.0723923900
5080	26.7621957600	1690	20.9210200500	15046416	35.5985087500
5090	26.8148772500	1087	13.4563010600	10880211	25.7416308600
5100	26.8675587300	1658	20.5248823900	15059303	35.6289982700
5110	26.9202402200	1180	14.6075761300	11450326	27.0904732600
5120	26.9729217100	1685	20.8591235400	15283827	36.1602024800
5130	27.0256032000	1036	12.8249566700	10441605	24.7039273000
5140	27.0782846900	1101	13.6296112800	11489222	27.1824978000
5150	27.1309661700	1577	19.5221589500	15292278	36.1801968100
5160	27.1836476600	1309	16.2045060600	12643151	29.9125932400
5170	27.2363291500	1026	12.7011636500	10988884	25.9987417100
5180	27.2890106400	1569	19.4231245300	15058578	35.6272829800
5190	27.3416921200	1034	12.8001980600	10973041	25.9612585500
5200	27.3943736100	978	12.1069571600	10492849	24.8251661300
5210	27.4470551000	939	11.6241643900	10026532	23.7219007600
5220	27.4997365900	1433	17.7395394800	13888326	32.8585687500
5230	27.5524180800	1059	13.1096806100	10821492	25.6027068300
5240	27.6050995600	821	10.1634067800	9140618	21.6259054500
5250	27.6577810500	1390	17.2072295100	13503063	31.9470700800
5260	27.7104625400	909	11.2527853400	9844572	23.2913992600
5270	27.7631440300	1061	13.1344392100	10828049	25.6182201200
5280	27.8158255100	1326	16.4149541900	13031017	30.8302503900
5290	27.8685070000	1123	13.9019559200	10999202	26.0231532000
5300	27.9211884900	1144	14.1619212600	11553535	27.3346567600
5310	27.9738699800	914	11.3146818500	9476662	22.4209562700
5320	28.0265514600	1419	17.5662292600	13291256	31.4459531800
5330	28.0792329500	1059	13.1096806100	11360045	26.8768762800
5340	28.1319144400	707	8.7521663700	7464072	17.6593437500
5350	28.1845959300	1023	12.6640257400	10361864	24.5152670400
5360	28.2372774200	1190	14.7313691500	12150100	28.7460775500
5370	28.2899589000	1131	14.0009903400	11081317	26.2174301300
5380	28.3426403900	518	6.4124783300	6412297	15.1709357800
5390	28.3953218800	665	8.2322357000	7643173	18.0830811100
5400	28.4480033700	941	11.6489230000	9746058	23.0583237200
5410	28.5006848500	1223	15.1398861100	11981538	28.3472745500
5420	28.5533663400	650	8.0465461700	7443216	17.6100002700
5430	28.6060478300	1287	15.9321614200	12676979	29.9926273400
5440	28.6587293200	814	10.0767516700	8669109	20.5103562600
5450	28.7114108100	964	11.9336469400	10117126	23.9362382700
5460	28.7640922900	1185	14.6694726400	11628770	27.5126562100
5470	28.8167737800	780	9.6558554000	8331996	19.7127762800
5480	28.8694552700	590	7.3037880600	6267755	14.8289620000
5490	28.9221367600	814	10.0767516700	9121124	21.5797843500
5500	28.9748182400	654	8.0960633800	6911963	16.3531019800
5510	29.0274997300	688	8.5169596400	7670815	18.1484796700
5520	29.0801812200	647	8.0094082600	6872648	16.2600861200
5530	29.1328627100	701	8.6778905600	7622880	18.0350696400
5540	29.1855441900	810	10.0272344600	8333863	19.7171934400
5550	29.2382256800	795	9.8415449300	8505772	20.1239151500
5560	29.2909071700	600	7.4275810800	6546099	15.4874996500
5570	29.3435886600	745	9.2225798400	8443549	19.9767009600
5580	29.3962701500	1133	14.0257489400	10916339	25.8271065600
5590	29.4489516300	1219	15.0903689000	11882287	28.1124553300
5600	29.5016331200	493	6.1029957900	5912522	13.9885116900
5610	29.5543146100	748	9.2597177500	7999356	18.9257790400
5620	29.6069961000	391	4.8403070000	4791073	11.3352611100
5630	29.6596775800	722	8.9378559000	7702013	18.2222914200
5640	29.7123590700	834	10.3243377000	8873268	20.9933786600
5650	29.7650405600	519	6.4248576300	5610390	13.2736937100
5660	29.8177220500	817	10.1138895700	8841537	20.9183058800
5670	29.8704035400	643	7.9598910600	7139639	16.8917635500
5680	29.9230850200	210	2.5996533700	2685009	6.3524972500
5690	29.9757665100	617	7.6380292100	7239522	17.1280780200
5700	30.0284480000	398	4.9269621100	4780108	11.3093188700
5710	30.0811294900	561	6.9447883100	6181773	14.6255360900
5720	30.1338109700	290	3.5899975200	3701858	8.7582733600
5730	30.1864924600	794	9.8291656300	8252296	19.5242130300
5740	30.2391739500	791	9.7920277200	7989775	18.9031112300
5750	30.2918554400	620	7.6751671200	6407899	15.1605304900
5760	30.3445369200	589	7.2914087600	6316539	14.9443807000
5770	30.3972184100	386	4.7784104900	4440709	10.5063304200
5780	30.4498999000	275	3.4043079900	3298357	7.8036251600
5790	30.5025813900	267	3.3052735800	3271191	7.7393527700
5800	30.5552628800	349	4.3203763300	4046236	9.5730416900
5810	30.6079443600	296	3.6642733300	3594794	8.5049692600
5820	30.6606258500	372	4.6051002700	4415752	10.4472843300
5830	30.7133073400	591	7.3161673600	6611220	15.6415702600
5840	30.7659888300	236	2.9215152200	3013310	7.1292288000
5850	30.8186703100	205	2.5377568700	2401659	5.6821158500
5860	30.8713518000	389	4.8155484000	4362935	10.3223239200
5870	30.9240332900	674	8.3436494100	7573197	17.9175239900
5880	30.9767147800	565	6.9943055200	6029722	14.2657966700
5890	31.0293962700	193	2.3892052400	2352414	5.5656064700
5900	31.0820777500	656	8.1208219800	6981424	16.5174406500
5910	31.1347592400	541	6.6972022700	5677518	13.4325127100
5920	31.1874407300	439	5.4345134900	4904805	11.6043411000
5930	31.2401222200	353	4.3698935300	3824470	9.0483626600
5940	31.2928037000	401	4.9641000200	4890795	11.5711946700
5950	31.3454851900	410	5.0755137400	4410208	10.4341677100
5960	31.3981666800	243	3.0081703300	3013544	7.1297824300
5970	31.4508481700	186	2.3025501300	2157172	5.1036809200
5980	31.5035296500	132	1.6340678300	1600118	3.7857397100
5990	31.5562111400	355	4.3946521400	4111689	9.7278977800
6000	31.6088926300	224	2.7729636000	2467960	5.8389782400
6010	31.6615741200	203	2.5129982600	2368773	5.6043104400
6020	31.7142556100	64	.7922753100	841840	1.9917200600
6030	31.7669370900	185	2.2901708300	2104392	4.9788080400
6040	31.8196185800	72	.8913097300	778406	1.8416407400
6050	31.8723000700	234	2.8967566200	2719144	6.4332576900
6060	31.9249815600	162	2.0054468900	1668009	3.9463639000
6070	31.9776630400	244	3.0205496400	2895912	6.8514753700
6080	32.0303445300	198	2.4511017500	2376106	5.6216596800
6090	32.0830260200	270	3.3424114800	3083718	7.2958079900
6100	32.1357075100	50	.6189650900	648912	1.5352692300
6110	32.1883890000	108	1.3369645900	1398989	3.3098860300
6120	32.2410704800	104	1.2874473800	1400856	3.3143031900
6130	32.2937519700	331	4.0975488900	3170805	7.5018482500
6140	32.3464334600	237	2.9338945200	2630672	6.2239406500
6150	32.3991149500	38	.4704134600	523437	1.2384063100
6160	32.4517964300	64	.7922753100	806253	1.9075243200
6170	32.5044779200	99	1.2255508700	1024381	2.4235961500
6180	32.5571594100	623	7.7123050200	6931839	16.4001268600
6190	32.6098409000	185	2.2901708300	2291376	5.4211958900
6200	32.6625223800	159	1.9683089800	1972678	4.6671842000
6210	32.7152038700	77	.9532062300	978090	2.3140756800
6220	32.7678853600	85	1.0522406500	958918	2.2687164000
6230	32.8205668500	198	2.4511017500	2540195	6.0098799500
6240	32.8732483400	130	1.6093092300	1632745	3.8629323500
6250	32.9259298200	89	1.1017578600	1133182	2.6810098300
6260	32.9786113100	262	3.2433770700	3019018	7.1427334300
6270	33.0312928000	66	.8170339100	843025	1.9945236600
6280	33.0839742900	34	.4208962600	417155	.9869523600
6290	33.1366557700	423	5.2364446600	4435123	10.4931144300
6300	33.1893372600	77	.9532062300	968092	2.2904212800
6310	33.2420187500	28	.3466204500	375794	.8890958400
6320	33.2947002400	370	4.5803416600	4186297	9.9044138000
6330	33.3473817300	176	2.1787571100	1904967	4.5069858700
6340	33.4000632100	206	2.5501361700	2607839	6.1699197600
6350	33.4527447000	119	1.4731369100	1242222	2.9389889700
6360	33.5054261900	293	3.6271354200	2814460	6.6587670400
6370	33.5581076800	21	.2599653300	307124	.7266286100
6380	33.6107891600	106	1.3122059900	1271892	3.0091856000
6390	33.6634706500	75	.9284476300	1036792	2.4529595000
6400	33.7161521400	384	4.7536518900	4473129	10.5830333100
6410	33.7688336300	12	.1485516200	153707	.3636573600
6420	33.8215151100	36	.4456548600	493339	1.1671970700
6430	33.8741966000	10	.1237930100	116839	.2764308800
6440	33.9268780900	123	1.5226541200	1633075	3.8637131000
6450	33.9795595800	180	2.2282743200	2001191	4.7346434700
6460	34.0322410700	4	.0495172000	52894	.1251425900
6470	34.0849225500	5	.0618965000	84689	.2003667900
6480	34.1376040400	78	.9655855400	931290	2.2033509600
6490	34.1902855300	109	1.3493438900	1320195	3.1234662900
6500	34.2429670200	154	1.9064124700	1875348	4.4369099000
6510	34.2956485000	20	.2475860300	208001	.4921122300
6520	34.3483299900	30	.3713790500	340841	.8064000900
6530	34.4010114800	35	.4332755600	436378	1.0324323100
6540	34.4536929700	5	.0618965000	67321	.1592756100
6550	34.5063744600	99	1.2255508700	1076409	2.5466898700
6560	34.5590559400	13	.1609309200	161266	.3815412900
6570	34.6117374300	331	4.0975488900	3767010	8.9124173100
6580	34.6644189200	34	.4208962600	440452	1.0420710400
6590	34.7171004100	183	2.2654122300	1744738	4.1278980300
6600	34.7697818900	74	.9160683300	835642	1.9770561300
6610	34.8224633800	206	2.5501361700	2200418	5.2059971900
6620	34.8751448700	410	5.0755137400	4142107	9.7998641200
6630	34.9278263600	86	1.0646199500	1128227	2.6692867400
6640	34.9805078400	59	.7303788000	800507	1.8939297800
6650	35.0331893300	5	.0618965000	55828	.1320841800
6660	35.0858708200	114	1.4112404000	1244125	2.9434913000
6670	35.1385523100	79	.9779648400	794140	1.8788660100
6680	35.1912338000	73	.9036890300	822012	1.9448087400
6690	35.2439152800	161	1.9930675900	1924309	4.5527473600
6700	35.2965967700	24	.2971032400	259476	.6138975900
6710	35.3492782600	13	.1609309200	139025	.3289210300
6720	35.4019597500	14	.1733102200	163753	.3874253200
6730	35.4546412300	11	.1361723100	175103	.4142784300
6740	35.5073227200	10	.1237930100	133210	.3151632400
6750	35.5600042100	3	.0371379000	48806	.1154707400
6760	35.6126857000	27	.3342411400	342014	.8091753100
6770	35.6653671800	1	.0123793000	1754	.0041498100
6780	35.7180486700	46	.5694478800	649545	1.5367668500
6790	35.7707301600	8	.0990344100	69922	.1654293500
6800	35.8234116500	80	.9903441400	842398	1.9930402400
6810	35.8760931400	18	.2228274300	179326	.4242696800
6820	35.9287746200	7	.0866551100	52151	.1233847200
6830	35.9814561100	68	.8417925200	846629	2.0030504100
6840	36.0341376000	0	0		
6850	36.0868190900	25	.3094825400	274676	.6498594700
6860	36.1395005700	9	.1114137100	142029	.3360282300
6870	36.1921820600	5	.0618965000	61723	.1460312300
6880	36.2448635500	6	.0742758100	53264	.1260179800
6890	36.2975450400	0	0		
6900	36.3502265300	5	.0618965000	72123	.1706367300
6910	36.4029080100	28	.3466204500	243546	.5762086000
6920	36.4555895000	129	1.5969299300	1293055	3.0592554200
6930	36.5082709900	20	.2475860300	243881	.5770011800
6940	36.5609524800	12	.1485516200	167220	.3956279400
6950	36.6136339600	13	.1609309200	189506	.4483546700
6960	36.6663154500	4	.0495172000	48243	.1141387300
6970	36.7189969400	30	.3713790500	424833	1.0051178400
6980	36.7716784300	5	.0618965000	68272	.1615256000
6990	36.8243599100	6	.0742758100	94052	.2225188300
7000	36.8770414000	2	.0247586000	13609	.0321977000
7010	36.9297228900	42	.5199306700	493319	1.1671497500
7020	36.9824043800	7	.0866551100	86184	.2039038300
7030	37.0350858700	18	.2228274300	236120	.5586393300
7040	37.0877673500	154	1.9064124700	1686798	3.9908170400
7050	37.1404488400	15	.1856895200	194789	.4608537900
7060	37.1931303300	1	.0123793000	6805	.0161000300
7070	37.2458118200	3	.0371379000	20637	.0488253400
7080	37.2984933000	20	.2475860300	247572	.5857337700
7090	37.3511747900	4	.0495172000	52240	.1235952800
7100	37.4038562800	3	.0371379000	33640	.0795893000
7110	37.4565377700	0	0		
7120	37.5092192600	1	.0123793000	12386	.0293041900
7130	37.5619007400	3	.0371379000	40741	.0963896500
7140	37.6145822300	22	.2723446300	284611	.6733648100
7150	37.6672637200	0	0		
7160	37.7199452100	86	1.0646199500	1107545	2.6203549300
7170	37.7726266900	10	.1237930100	140060	.3313697500
7180	37.8253081800	15	.1856895200	198293	.4691439500
7190	37.8779896700	0	0		
7200	37.9306711600	1	.0123793000	19196	.0454160600
7210	37.9833526400	21	.2599653300	293101	.6934514100
7220	38.0360341300	1	.0123793000	17223	.0407481100
7230	38.0887156200	3	.0371379000	25313	.0598883500
7240	38.1413971100	0	0		
7250	38.1940786000	1	.0123793000	7855	.0185842400
7260	38.2467600800	77	.9532062300	698601	1.6528290700
7270	38.2994415700	0	0		
7280	38.3521230600	5	.0618965000	61266	.1449500100
7290	38.4048045500	7	.0866551100	85695	.2027469000
7300	38.4574860300	74	.9160683300	897202	2.1227017200
7310	38.5101675200	0	0		
7320	38.5628490100	3	.0371379000	29017	.0686516900
7330	38.6155305000	0	0		
7340	38.6682119900	1	.0123793000	3026	.0071592500
7350	38.7208934700	70	.8665511200	691643	1.6363670500
7360	38.7735749600	3	.0371379000	19488	.0461069000
7370	38.8262564500	8	.0990344100	76768	.1816263900
7380	38.8789379400	0	0		
7390	38.9316194200	8	.0990344100	115528	.2733291700
7400	38.9843009100	1	.0123793000	8059	.0190668900
7410	39.0369824000	1	.0123793000	5883	.0139186600
7420	39.0896638900	2	.0247586000	21181	.0501123900
7430	39.1423453700	0	0		
7440	39.1950268600	1	.0123793000	1654	.0039132100
7450	39.2477083500	12	.1485516200	89571	.2119171700
7460	39.3003898400	17	.2104481300	167137	.3954315700
7470	39.3530713300	0	0		
7480	39.4057528100	3	.0371379000	55055	.1302553300
7490	39.4584343000	1	.0123793000	18839	.0445714300
7500	39.5111157900	1	.0123793000	19272	.0455958700
7510	39.5637972800	0	0		
7520	39.6164787600	3	.0371379000	31497	.0745191500
7530	39.6691602500	0	0		
7540	39.7218417400	3	.0371379000	36513	.0863865700
7550	39.7745232300	0	0		
7560	39.8272047200	0	0		
7570	39.8798862000	1	.0123793000	10925	.0258475900
7580	39.9325676900	8	.0990344100	113626	.2688292100
7590	39.9852491800	0	0		
7600	40.0379306700	0	0		
7610	40.0906121500	0	0		
7620	40.1432936400	0	0		
7630	40.1959751300	0	0		
7640	40.2486566200	0	0		
7650	40.3013381000	0	0		
7660	40.3540195900	12	.1485516200	165734	.3921121900
7670	40.4067010800	1	.0123793000	19118	.0452315200
7680	40.4593825700	6	.0742758100	82083	.1942012200
7690	40.5120640600	4	.0495172000	55917	.1322947400
7700	40.5647455400	64	.7922753100	722097	1.7084185600
7710	40.6174270300	3	.0371379000	35069	.0829701900
7720	40.6701085200	0	0		
7730	40.7227900100	0	0		
7740	40.7754714900	0	0		
7750	40.8281529800	0	0		
7760	40.8808344700	0	0		
7770	40.9335159600	0	0		
7780	40.9861974500	3	.0371379000	19513	.0461660500
7790	41.0388789300	1	.0123793000	14724	.0348357000
7800	41.0915604200	0	0		
7810	41.1442419100	0	0		
7820	41.1969234000	2	.0247586000	37871	.0895994800
7830	41.2496048800	0	0		
7840	41.3022863700	1	.0123793000	2711	.0064139800
7850	41.3549678600	0	0		
7860	41.4076493500	0	0		
7870	41.4603308300	0	0		
7880	41.5130123200	0	0		
7890	41.5656938100	7	.0866551100	54405	.1287174800
7900	41.6183753000	0	0		
7910	41.6710567900	61	.7551374100	605831	1.4333433300
7920	41.7237382700	0	0		
7930	41.7764197600	2	.0247586000	23728	.0561383700
7940	41.8291012500	0	0		
7950	41.8817827400	0	0		
7960	41.9344642200	1	.0123793000	17226	.0407552100
7970	41.9871457100	0	0		
7980	42.0398272000	0	0		
7990	42.0925086900	0	0		
8000	42.1451901800	4	.0495172000	47274	.1118461600
8010	42.1978716600	2	.0247586000	24763	.0585870900
8020	42.2505531500	0	0		
8030	42.3032346400	0	0		
8040	42.3559161300	0	0		
8050	42.4085976100	0	0		
8060	42.4612791000	0	0		
8070	42.5139605900	0	0		
8080	42.5666420800	2	.0247586000	25439	.0601864500
8090	42.6193235600	0	0		
8100	42.6720050500	0	0		
8110	42.7246865400	0	0		
8120	42.7773680300	0	0		
8130	42.8300495200	2	.0247586000	28657	.0677999600
8140	42.8827310000	0	0		
8150	42.9354124900	0	0		
8160	42.9880939800	0	0		
8170	43.0407754700	0	0		
8180	43.0934569500	0	0		
8190	43.1461384400	0	0		
8200	43.1988199300	0	0		
8210	43.2515014200	0	0		
8220	43.3041829100	0	0		
8230	43.3568643900	0	0		
8240	43.4095458800	0	0		
8250	43.4622273700	4	.0495172000	36412	.0861476100
8260	43.5149088600	0	0		
8270	43.5675903400	0	0		
8280	43.6202718300	0	0		
8290	43.6729533200	0	0		
8300	43.7256348100	0	0		
8310	43.7783162900	0	0		
8320	43.8309977800	0	0		
8330	43.8836792700	1	.0123793000	11835	.0280005700
8340	43.9363607600	0	0		
8350	43.9890422500	0	0		
8360	44.0417237300	12	.1485516200	153845	.3639838600
8370	44.0944052200	0	0		
8380	44.1470867100	0	0		
8390	44.1997682000	0	0		
8400	44.2524496800	0	0		
8410	44.3051311700	0	0		
8420	44.3578126600	0	0		
8430	44.4104941500	0	0		
8440	44.4631756400	0	0		
8450	44.5158571200	0	0		
8460	44.5685386100	0	0		
8470	44.6212201000	0	0		
8480	44.6739015900	4	.0495172000	37346	.0883573800
8490	44.7265830700	0	0		
8500	44.7792645600	0	0		
8510	44.8319460500	0	0		
8520	44.8846275400	1	.0123793000	3540	.0083753300
8530	44.9373090200	0	0		
8540	44.9899905100	0	0		
8550	45.0426720000	0	0		
8560	45.0953534900	0	0		
8570	45.1480349800	0	0		
8580	45.2007164600	0	0		
8590	45.2533979500	0	0		
8600	45.3060794400	0	0		
8610	45.3587609300	0	0		
8620	45.4114424100	0	0		
8630	45.4641239000	0	0		
8640	45.5168053900	0	0		
8650	45.5694868800	0	0		
8660	45.6221683700	0	0		
8670	45.6748498500	0	0		
8680	45.7275313400	0	0		
8690	45.7802128300	0	0		
8700	45.8328943200	0	0		
8710	45.8855758000	0	0		
8720	45.9382572900	0	0		
8730	45.9909387800	0	0		
8740	46.0436202700	0	0		
8750	46.0963017500	0	0		
8760	46.1489832400	0	0		
8770	46.2016647300	0	0		
8780	46.2543462200	3	.0371379000	26896	.0636335900
8790	46.3070277100	0	0		
8800	46.3597091900	9	.1114137100	110618	.2617125400
8810	46.4123906800	0	0		
8820	46.4650721700	0	0		
8830	46.5177536600	1	.0123793000	9594	.0226985600
8840	46.5704351400	0	0		
8850	46.6231166300	0	0		
8860	46.6757981200	0	0		
8870	46.7284796100	0	0		
8880	46.7811610900	0	0		
8890	46.8338425800	0	0		
8900	46.8865240700	0	0		
8910	46.9392055600	0	0		
8920	46.9918870500	1	.0123793000	13277	.0314122200
8930	47.0445685300	0	0		
8940	47.0972500200	0	0		
8950	47.1499315100	1	.0123793000	6083	.0143918400
8960	47.2026130000	0	0		
8970	47.2552944800	0	0		
8980	47.3079759700	0	0		
8990	47.3606574600	0	0		
9000	47.4133389500	0	0		
9010	47.4660204400	0	0		
9020	47.5187019200	1	.0123793000	18523	.0438238000
9030	47.5713834100	0	0		
9040	47.6240649000	0	0		
9050	47.6767463900	0	0		
9060	47.7294278700	0	0		
9070	47.7821093600	0	0		
9080	47.8347908500	0	0		
9090	47.8874723400	0	0		
9100	47.9401538200	0	0		
9110	47.9928353100	0	0		
9120	48.0455168000	0	0		
9130	48.0981982900	0	0		
9140	48.1508797800	0	0		
9150	48.2035612600	0	0		
9160	48.2562427500	0	0		
9170	48.3089242400	0	0		
9180	48.3616057300	0	0		
9190	48.4142872100	0	0		
9200	48.4669687000	0	0		
9210	48.5196501900	0	0		
9220	48.5723316800	0	0		
9230	48.6250131700	0	0		
9240	48.6776946500	0	0		
9250	48.7303761400	0	0		
9260	48.7830576300	0	0		
9270	48.8357391200	0	0		
9280	48.8884206000	0	0		
9290	48.9411020900	0	0		
9300	48.9937835800	0	0		
9310	49.0464650700	0	0		
9320	49.0991465500	0	0		
9330	49.1518280400	0	0		
9340	49.2045095300	0	0		
9350	49.2571910200	0	0		
9360	49.3098725100	0	0		
9370	49.3625539900	0	0		
9380	49.4152354800	0	0		
9390	49.4679169700	0	0		
9400	49.5205984600	0	0		
9410	49.5732799400	0	0		
9420	49.6259614300	0	0		
9430	49.6786429200	1	.0123793000	4941	.0116899700
9440	49.7313244100	0	0		
9450	49.7840059000	0	0		
9460	49.8366873800	0	0		
9470	49.8893688700	0	0		
9480	49.9420503600	0	0		
9490	49.9947318500	0	0		
9500	50.0474133300	0	0		
9510	50.1000948200	0	0		
9520	50.1527763100	0	0		
9530	50.2054578000	0	0		
9540	50.2581392800	0	0		
9550	50.3108207700	0	0		
9560	50.3635022600	0	0		
9570	50.4161837500	0	0		
9580	50.4688652400	0	0		
9590	50.5215467200	0	0		
9600	50.5742282100	0	0		
9610	50.6269097000	0	0		
9620	50.6795911900	0	0		
9630	50.7322726700	0	0		
9640	50.7849541600	0	0		
9650	50.8376356500	0	0		
9660	50.8903171400	0	0		
9670	50.9429986300	0	0		
9680	50.9956801100	0	0		
9690	51.0483616000	0	0		
9700	51.1010430900	0	0		
9710	51.1537245800	0	0		
9720	51.2064060600	0	0		
9730	51.2590875500	0	0		
9740	51.3117690400	0	0		
9750	51.3644505300	0	0		
9760	51.4171320100	0	0		
9770	51.4698135000	0	0		
9780	51.5224949900	0	0		
9790	51.5751764800	0	0		
9800	51.6278579700	0	0		
9810	51.6805394500	0	0		
9820	51.7332209400	0	0		
9830	51.7859024300	0	0		
9840	51.8385839200	0	0		
9850	51.8912654000	0	0		
9860	51.9439468900	0	0		
9870	51.9966283800	0	0		
9880	52.0493098700	0	0		
9890	52.1019913600	0	0		
9900	52.1546728400	0	0		
9910	52.2073543300	0	0		
9920	52.2600358200	0	0		
9930	52.3127173100	0	0		
9940	52.3653987900	0	0		
9950	52.4180802800	0	0		
9960	52.4707617700	0	0		
9970	52.5234432600	0	0		
9980	52.5761247400	0	0		
9990	52.6288062300	0	0		
10000	52.6814877200	0	0		
10010	52.7341692100	0	0		
10020	52.7868507000	0	0		
10030	52.8395321800	0	0		
10040	52.8922136700	0	0		
10050	52.9448951600	0	0		
10060	52.9975766500	0	0		
10070	53.0502581300	0	0		
10080	53.1029396200	0	0		
10090	53.1556211100	0	0		
10100	53.2083026000	0	0		
10110	53.2609840900	0	0		
10120	53.3136655700	0	0		
10130	53.3663470600	0	0		
10140	53.4190285500	0	0		
10150	53.4717100400	0	0		
10160	53.5243915200	0	0		
10170	53.5770730100	0	0		
10180	53.6297545000	0	0		
10190	53.6824359900	0	0		
10200	53.7351174700	0	0		
10210	53.7877989600	0	0		
10220	53.8404804500	0	0		
10230	53.8931619400	0	0		
10240	53.9458434300	0	0		
10250	53.9985249100	0	0		
10260	54.0512064000	0	0		
10270	54.1038878900	0	0		
10280	54.1565693800	0	0		
10290	54.2092508600	0	0		
10300	54.2619323500	0	0		
10310	54.3146138400	0	0		
10320	54.3672953300	0	0		
10330	54.4199768200	0	0		
10340	54.4726583000	0	0		
10350	54.5253397900	0	0		
10360	54.5780212800	0	0		
10370	54.6307027700	0	0		
10380	54.6833842500	0	0		
10390	54.7360657400	0	0		
10400	54.7887472300	0	0		
10410	54.8414287200	0	0		
10420	54.8941102000	0	0		
10430	54.9467916900	0	0		
10440	54.9994731800	0	0		
10450	55.0521546700	0	0		
10460	55.1048361600	0	0		
10470	55.1575176400	0	0		
10480	55.2101991300	0	0		
10490	55.2628806200	0	0		
10500	55.3155621100	0	0		
10510	55.3682435900	0	0		
10520	55.4209250800	0	0		
10530	55.4736065700	0	0		
10540	55.5262880600	0	0		
10550	55.5789695500	0	0		
10560	55.6316510300	0	0		
10570	55.6843325200	0	0		
10580	55.7370140100	0	0		
10590	55.7896955000	0	0		
10600	55.8423769800	0	0		
10610	55.8950584700	0	0		
10620	55.9477399600	0	0		
10630	56.0004214500	0	0		
10640	56.0531029300	0	0		
10650	56.1057844200	0	0		
10660	56.1584659100	0	0		
10670	56.2111474000	0	0		
10680	56.2638288900	0	0		
10690	56.3165103700	0	0		
10700	56.3691918600	0	0		
10710	56.4218733500	0	0		
10720	56.4745548400	0	0		
10730	56.5272363200	0	0		
10740	56.5799178100	0	0		
10750	56.6325993000	0	0		
10760	56.6852807900	0	0		
10770	56.7379622800	0	0		
10780	56.7906437600	0	0		
10790	56.8433252500	0	0		
10800	56.8960067400	0	0		
10810	56.9486882300	0	0		
10820	57.0013697100	0	0		
10830	57.0540512000	0	0		
10840	57.1067326900	0	0		
10850	57.1594141800	0	0		
10860	57.2120956600	0	0		
10870	57.2647771500	0	0		
10880	57.3174586400	0	0		
10890	57.3701401300	0	0		
10900	57.4228216200	0	0		
10910	57.4755031000	0	0		
10920	57.5281845900	0	0		
10930	57.5808660800	0	0		
10940	57.6335475700	0	0		
10950	57.6862290500	0	0		
10960	57.7389105400	0	0		
10970	57.7915920300	0	0		
10980	57.8442735200	0	0		
10990	57.8969550100	0	0		
11000	57.9496364900	0	0		
11010	58.0023179800	0	0		
11020	58.0549994700	0	0		
11030	58.1076809600	0	0		
11040	58.1603624400	0	0		
11050	58.2130439300	0	0		
11060	58.2657254200	0	0		
11070	58.3184069100	0	0		
11080	58.3710883900	0	0		
11090	58.4237698800	0	0		
11100	58.4764513700	0	0		
11110	58.5291328600	0	0		
11120	58.5818143500	0	0		
11130	58.6344958300	0	0		
11140	58.6871773200	0	0		
11150	58.7398588100	0	0		
11160	58.7925403000	0	0		
11170	58.8452217800	0	0		
11180	58.8979032700	0	0		
11190	58.9505847600	0	0		
11200	59.0032662500	0	0		
11210	59.0559477300	0	0		
11220	59.1086292200	0	0		
11230	59.1613107100	0	0		
11240	59.2139922000	0	0		
11250	59.2666736900	0	0		
11260	59.3193551700	0	0		
11270	59.3720366600	0	0		
11280	59.4247181500	0	0		
11290	59.4773996400	0	0		
11300	59.5300811200	0	0		
11310	59.5827626100	0	0		
11320	59.6354441000	0	0		
11330	59.6881255900	0	0		
11340	59.7408070800	0	0		
11350	59.7934885600	0	0		
11360	59.8461700500	0	0		
11370	59.8988515400	0	0		
11380	59.9515330300	0	0		
11390	60.0042145100	0	0		
11400	60.0568960000	0	0		
11410	60.1095774900	0	0		
11420	60.1622589800	0	0		
11430	60.2149404600	0	0		
11440	60.2676219500	0	0		
11450	60.3203034400	0	0		
11460	60.3729849300	0	0		
11470	60.4256664200	0	0		
11480	60.4783479000	0	0		
11490	60.5310293900	0	0		
11500	60.5837108800	0	0		
11510	60.6363923700	0	0		
11520	60.6890738500	0	0		
11530	60.7417553400	0	0		
11540	60.7944368300	0	0		
11550	60.8471183200	0	0		
11560	60.8997998100	0	0		
11570	60.9524812900	0	0		
11580	61.0051627800	0	0		
11590	61.0578442700	0	0		
11600	61.1105257600	0	0		
11610	61.1632072400	0	0		
11620	61.2158887300	0	0		
11630	61.2685702200	0	0		
11640	61.3212517100	0	0		
11650	61.3739331900	0	0		
11660	61.4266146800	0	0		
11670	61.4792961700	0	0		
11680	61.5319776600	0	0		
11690	61.5846591500	0	0		
11700	61.6373406300	0	0		
11710	61.6900221200	0	0		
11720	61.7427036100	0	0		
11730	61.7953851000	0	0		
11740	61.8480665800	0	0		
11750	61.9007480700	0	0		
11760	61.9534295600	0	0		
11770	62.0061110500	0	0		
11780	62.0587925400	0	0		
11790	62.1114740200	0	0		
11800	62.1641555100	0	0		
11810	62.2168370000	0	0		
11820	62.2695184900	0	0		
11830	62.3221999700	0	0		
11840	62.3748814600	0	0		
11850	62.4275629500	0	0		
11860	62.4802444400	0	0		
11870	62.5329259200	0	0		
11880	62.5856074100	0	0		
11890	62.6382889000	0	0		
11900	62.6909703900	0	0		
11910	62.7436518800	0	0		
11920	62.7963333600	0	0		
11930	62.8490148500	0	0		
11940	62.9016963400	0	0		
11950	62.9543778300	0	0		
11960	63.0070593100	0	0		
11970	63.0597408000	0	0		
11980	63.1124222900	0	0		
11990	63.1651037800	0	0		
12000	63.2177852700	0	0		
12010	63.2704667500	0	0		
12020	63.3231482400	0	0		
12030	63.3758297300	0	0		
12040	63.4285112200	0	0		
12050	63.4811927000	0	0		
12060	63.5338741900	0	0		
12070	63.5865556800	0	0		
12080	63.6392371700	0	0		
12090	63.6919186500	0	0		
12100	63.7446001400	0	0		
12110	63.7972816300	0	0		
12120	63.8499631200	0	0		
12130	63.9026446100	0	0		
12140	63.9553260900	0	0		
12150	64.0080075800	0	0		
12160	64.0606890700	0	0		
12170	64.1133705600	0	0		
12180	64.1660520400	0	0		
12190	64.2187335300	0	0		
12200	64.2714150200	0	0		
12210	64.3240965100	0	0		
12220	64.3767780000	0	0		
12230	64.4294594800	0	0		
12240	64.4821409700	0	0		
12250	64.5348224600	0	0		
12260	64.5875039500	0	0		
12270	64.6401854300	0	0		
12280	64.6928669200	0	0		
12290	64.7455484100	0	0		
12300	64.7982299000	0	0		
12310	64.8509113800	0	0		
12320	64.9035928700	0	0		
12330	64.9562743600	0	0		
12340	65.0089558500	0	0		
12350	65.0616373400	0	0		
12360	65.1143188200	0	0		
12370	65.1670003100	0	0		
12380	65.2196818000	0	0		
12390	65.2723632900	0	0		
12400	65.3250447700	0	0		
12410	65.3777262600	0	0		
12420	65.4304077500	0	0		
12430	65.4830892400	0	0		
12440	65.5357707300	0	0		
12450	65.5884522100	0	0		
12460	65.6411337000	0	0		
12470	65.6938151900	0	0		
12480	65.7464966800	0	0		
12490	65.7991781600	0	0		
12500	65.8518596500	0	0		
12510	65.9045411400	0	0		
12520	65.9572226300	0	0		
12530	66.0099041100	0	0		
12540	66.0625856000	0	0		
12550	66.1152670900	0	0		
12560	66.1679485800	0	0		
12570	66.2206300700	0	0		
12580	66.2733115500	0	0		
12590	66.3259930400	0	0		
12600	66.3786745300	0	0		
12610	66.4313560200	0	0		
12620	66.4840375000	0	0		
12630	66.5367189900	0	0		
12640	66.5894004800	0	0		
12650	66.6420819700	0	0		
12660	66.6947634600	0	0		
12670	66.7474449400	0	0		
12680	66.8001264300	0	0		
12690	66.8528079200	0	0		
12700	66.9054894100	0	0		
12710	66.9581708900	0	0		
12720	67.0108523800	0	0		
12730	67.0635338700	0	0		
12740	67.1162153600	0	0		
12750	67.1688968400	0	0		
12760	67.2215783300	0	0		
12770	67.2742598200	0	0		
12780	67.3269413100	0	0		
12790	67.3796228000	0	0		
12800	67.4323042800	0	0		
12810	67.4849857700	0	0		
12820	67.5376672600	0	0		
12830	67.5903487500	0	0		
12840	67.6430302300	0	0		
12850	67.6957117200	0	0		
12860	67.7483932100	0	0		
12870	67.8010747000	0	0		
12880	67.8537561900	0	0		
12890	67.9064376700	0	0		
12900	67.9591191600	0	0		
12910	68.0118006500	0	0		
12920	68.0644821400	0	0		
12930	68.1171636200	0	0		
12940	68.1698451100	0	0		
12950	68.2225266000	0	0		
12960	68.2752080900	0	0		
12970	68.3278895700	0	0		
12980	68.3805710600	0	0		
12990	68.4332525500	0	0		
13000	68.4859340400	0	0		
13010	68.5386155300	0	0		
13020	68.5912970100	0	0		
13030	68.6439785000	0	0		
13040	68.6966599900	0	0		
13050	68.7493414800	0	0		
13060	68.8020229600	0	0		
13070	68.8547044500	0	0		
13080	68.9073859400	0	0		
13090	68.9600674300	0	0		
13100	69.0127489200	0	0		
13110	69.0654304000	0	0		
13120	69.1181118900	0	0		
13130	69.1707933800	0	0		
13140	69.2234748700	0	0		
13150	69.2761563500	0	0		
13160	69.3288378400	0	0		
13170	69.3815193300	0	0		
13180	69.4342008200	0	0		
13190	69.4868823000	0	0		
13200	69.5395637900	0	0		
13210	69.5922452800	0	0		
13220	69.6449267700	0	0		
13230	69.6976082600	0	0		
13240	69.7502897400	0	0		
13250	69.8029712300	0	0		
13260	69.8556527200	0	0		
13270	69.9083342100	0	0		
13280	69.9610156900	0	0		
13290	70.0136971800	0	0		
13300	70.0663786700	0	0		
13310	70.1190601600	0	0		
13320	70.1717416400	0	0		
13330	70.2244231300	0	0		
13340	70.2771046200	0	0		
13350	70.3297861100	0	0		
13360	70.3824676000	0	0		
13370	70.4351490800	0	0		
13380	70.4878305700	0	0		
13390	70.5405120600	0	0		
13400	70.5931935500	0	0		
13410	70.6458750300	0	0		
13420	70.6985565200	0	0		
13430	70.7512380100	0	0		
13440	70.8039195000	0	0		
13450	70.8566009900	0	0		
13460	70.9092824700	0	0		
13470	70.9619639600	0	0		
13480	71.0146454500	0	0		
13490	71.0673269400	0	0		
13500	71.1200084200	0	0		
13510	71.1726899100	0	0		
13520	71.2253714000	0	0		
13530	71.2780528900	0	0		
13540	71.3307343700	0	0		
13550	71.3834158600	0	0		
13560	71.4360973500	0	0		
13570	71.4887788400	0	0		
13580	71.5414603300	0	0		
13590	71.5941418100	0	0		
13600	71.6468233000	0	0		
13610	71.6995047900	0	0		
13620	71.7521862800	0	0		
13630	71.8048677600	0	0		
13640	71.8575492500	0	0		
13650	71.9102307400	0	0		
13660	71.9629122300	0	0		
13670	72.0155937200	0	0		
13680	72.0682752000	0	0		
13690	72.1209566900	0	0		
13700	72.1736381800	0	0		
13710	72.2263196700	0	0		
13720	72.2790011500	0	0		
13730	72.3316826400	0	0		
13740	72.3843641300	0	0		
13750	72.4370456200	0	0		
13760	72.4897271000	0	0		
13770	72.5424085900	0	0		
13780	72.5950900800	0	0		
13790	72.6477715700	0	0		
13800	72.7004530600	0	0		
13810	72.7531345400	0	0		
13820	72.8058160300	0	0		
13830	72.8584975200	0	0		
13840	72.9111790100	0	0		
13850	72.9638604900	0	0		
13860	73.0165419800	0	0		
13870	73.0692234700	0	0		
13880	73.1219049600	0	0		
13890	73.1745864500	0	0		
13900	73.2272679300	0	0		
13910	73.2799494200	0	0		
13920	73.3326309100	0	0		
13930	73.3853124000	0	0		
13940	73.4379938800	0	0		
13950	73.4906753700	0	0		
13960	73.5433568600	0	0		
13970	73.5960383500	0	0		
13980	73.6487198300	0	0		
13990	73.7014013200	0	0		
14000	73.7540828100	0	0		
14010	73.8067643000	0	0		
14020	73.8594457900	0	0		
14030	73.9121272700	0	0		
14040	73.9648087600	0	0		
14050	74.0174902500	0	0		
14060	74.0701717400	0	0		
14070	74.1228532200	0	0		
14080	74.1755347100	0	0		
14090	74.2282162000	0	0		
14100	74.2808976900	0	0		
14110	74.3335791800	0	0		
14120	74.3862606600	0	0		
14130	74.4389421500	0	0		
14140	74.4916236400	0	0		
14150	74.5443051300	0	0		
14160	74.5969866100	0	0		
14170	74.6496681000	0	0		
14180	74.7023495900	0	0		
14190	74.7550310800	0	0		
14200	74.8077125600	0	0		
14210	74.8603940500	0	0		
14220	74.9130755400	0	0		
14230	74.9657570300	0	0		
14240	75.0184385200	0	0		
14250	75.0711200000	0	0		
14260	75.1238014900	0	0		
14270	75.1764829800	0	0		
14280	75.2291644700	0	0		
14290	75.2818459500	0	0		
14300	75.3345274400	0	0		
14310	75.3872089300	0	0		
14320	75.4398904200	0	0		
14330	75.4925719100	0	0		
14340	75.5452533900	0	0		
14350	75.5979348800	0	0		
14360	75.6506163700	0	0		
14370	75.7032978600	0	0		
14380	75.7559793400	0	0		
14390	75.8086608300	0	0		
14400	75.8613423200	0	0		
14410	75.9140238100	0	0		
14420	75.9667052900	0	0		
14430	76.0193867800	0	0		
14440	76.0720682700	0	0		
14450	76.1247497600	0	0		
14460	76.1774312500	0	0		
14470	76.2301127300	0	0		
14480	76.2827942200	0	0		
14490	76.3354757100	0	0		
14500	76.3881572000	0	0		
14510	76.4408386800	0	0		
14520	76.4935201700	0	0		
14530	76.5462016600	0	0		
14540	76.5988831500	0	0		
14550	76.6515646400	0	0		
14560	76.7042461200	0	0		
14570	76.7569276100	0	0		
14580	76.8096091000	0	0		
14590	76.8622905900	0	0		
14600	76.9149720700	0	0		
14610	76.9676535600	0	0		
14620	77.0203350500	0	0		
14630	77.0730165400	0	0		
14640	77.1256980200	0	0		
14650	77.1783795100	0	0		
14660	77.2310610000	0	0		
14670	77.2837424900	0	0		
14680	77.3364239800	0	0		
14690	77.3891054600	0	0		
14700	77.4417869500	0	0		
14710	77.4944684400	0	0		
14720	77.5471499300	0	0		
14730	77.5998314100	0	0		
14740	77.6525129000	0	0		
14750	77.7051943900	0	0		
14760	77.7578758800	0	0		
14770	77.8105573700	0	0		
14780	77.8632388500	0	0		
14790	77.9159203400	0	0		
14800	77.9686018300	0	0		
14810	78.0212833200	0	0		
14820	78.0739648000	0	0		
14830	78.1266462900	0	0		
14840	78.1793277800	0	0		
14850	78.2320092700	0	0		
14860	78.2846907500	0	0		
14870	78.3373722400	0	0		
14880	78.3900537300	0	0		
14890	78.4427352200	0	0		
14900	78.4954167100	0	0		
14910	78.5480981900	0	0		
14920	78.6007796800	0	0		
14930	78.6534611700	0	0		
14940	78.7061426600	0	0		
14950	78.7588241400	0	0		
14960	78.8115056300	0	0		
14970	78.8641871200	0	0		
14980	78.9168686100	0	0		
14990	78.9695501000	0	0		
15000	79.0222315800	0	0		
